{
 "cells": [
  {
   "cell_type": "code",
   "execution_count": 1,
   "id": "12f19e6f",
   "metadata": {},
   "outputs": [],
   "source": [
    "import sklearn\n",
    "import pandas as pd\n",
    "import numpy as np\n",
    "from sklearn.model_selection import train_test_split\n",
    "from sklearn.pipeline import make_pipeline\n",
    "from sklearn.preprocessing import StandardScaler\n",
    "from sklearn.metrics import mean_absolute_error, mean_squared_error, mean_squared_log_error, median_absolute_error"
   ]
  },
  {
   "cell_type": "code",
   "execution_count": 2,
   "id": "a12caba8",
   "metadata": {},
   "outputs": [],
   "source": [
    "import warnings\n",
    "warnings.filterwarnings('ignore')"
   ]
  },
  {
   "cell_type": "code",
   "execution_count": 3,
   "id": "136f2740",
   "metadata": {
    "scrolled": true
   },
   "outputs": [
    {
     "name": "stdout",
     "output_type": "stream",
     "text": [
      "           dt  switch        src       dst  pktcount  bytecount  dur  \\\n",
      "0       11425       1   10.0.0.1  10.0.0.8     45304   48294064  100   \n",
      "1       11605       1   10.0.0.1  10.0.0.8    126395  134737070  280   \n",
      "2       11425       1   10.0.0.2  10.0.0.8     90333   96294978  200   \n",
      "3       11425       1   10.0.0.2  10.0.0.8     90333   96294978  200   \n",
      "4       11425       1   10.0.0.2  10.0.0.8     90333   96294978  200   \n",
      "...       ...     ...        ...       ...       ...        ...  ...   \n",
      "104340   5262       3   10.0.0.5  10.0.0.7        79       7742   81   \n",
      "104341   5262       3   10.0.0.5  10.0.0.7        79       7742   81   \n",
      "104342   5262       3  10.0.0.11  10.0.0.5        31       3038   31   \n",
      "104343   5262       3  10.0.0.11  10.0.0.5        31       3038   31   \n",
      "104344   5262       3  10.0.0.11  10.0.0.5        31       3038   31   \n",
      "\n",
      "         dur_nsec       tot_dur  flows  ...  pktrate  Pairflow  Protocol  \\\n",
      "0       716000000  1.010000e+11      3  ...      451         0       UDP   \n",
      "1       734000000  2.810000e+11      2  ...      451         0       UDP   \n",
      "2       744000000  2.010000e+11      3  ...      451         0       UDP   \n",
      "3       744000000  2.010000e+11      3  ...      451         0       UDP   \n",
      "4       744000000  2.010000e+11      3  ...      451         0       UDP   \n",
      "...           ...           ...    ...  ...      ...       ...       ...   \n",
      "104340  842000000  8.184200e+10      5  ...        0         0      ICMP   \n",
      "104341  842000000  8.184200e+10      5  ...        0         0      ICMP   \n",
      "104342  805000000  3.180500e+10      5  ...        1         0      ICMP   \n",
      "104343  805000000  3.180500e+10      5  ...        1         0      ICMP   \n",
      "104344  805000000  3.180500e+10      5  ...        1         0      ICMP   \n",
      "\n",
      "        port_no   tx_bytes rx_bytes  tx_kbps  rx_kbps  tot_kbps  label  \n",
      "0             3  143928631     3917        0      0.0       0.0      0  \n",
      "1             4       3842     3520        0      0.0       0.0      0  \n",
      "2             1       3795     1242        0      0.0       0.0      0  \n",
      "3             2       3688     1492        0      0.0       0.0      0  \n",
      "4             3       3413     3665        0      0.0       0.0      0  \n",
      "...         ...        ...      ...      ...      ...       ...    ...  \n",
      "104340        1      15209    12720        1      1.0       2.0      0  \n",
      "104341        3      15099    14693        1      1.0       2.0      0  \n",
      "104342        2       3409     3731        0      0.0       0.0      0  \n",
      "104343        1      15209    12720        1      1.0       2.0      0  \n",
      "104344        3      15099    14693        1      1.0       2.0      0  \n",
      "\n",
      "[104345 rows x 23 columns]\n"
     ]
    }
   ],
   "source": [
    "#Import Dataset \n",
    "import pandas as pd\n",
    "\n",
    "#Print Dataset to confirm number of rows and columns\n",
    "df1 = pd.read_csv(r'C:\\Uni_doc\\dataset_sdn.csv')\n",
    "print(df1)"
   ]
  },
  {
   "cell_type": "markdown",
   "id": "dceb7392",
   "metadata": {},
   "source": [
    "\n",
    "# DATA CLEANING\n"
   ]
  },
  {
   "cell_type": "code",
   "execution_count": 4,
   "id": "32a664d7",
   "metadata": {},
   "outputs": [],
   "source": [
    "#Statistics on missing values per column\n",
    "df1.isnull().sum()\n",
    "#Remove missing rows for'rx_kbps'\n",
    "df1.dropna(\n",
    "   axis=0,\n",
    "   subset=['rx_kbps'],\n",
    "   inplace=True\n",
    ")\n",
    "#Remove missing rows for'tot_kbps'\n",
    "df1.dropna(\n",
    "   axis=0,\n",
    "   subset=['tot_kbps'],\n",
    "   inplace=True\n",
    ")"
   ]
  },
  {
   "cell_type": "code",
   "execution_count": 5,
   "id": "796e4bb1",
   "metadata": {},
   "outputs": [
    {
     "data": {
      "text/plain": [
       "dt             0\n",
       "switch         0\n",
       "src            0\n",
       "dst            0\n",
       "pktcount       0\n",
       "bytecount      0\n",
       "dur            0\n",
       "dur_nsec       0\n",
       "tot_dur        0\n",
       "flows          0\n",
       "packetins      0\n",
       "pktperflow     0\n",
       "byteperflow    0\n",
       "pktrate        0\n",
       "Pairflow       0\n",
       "Protocol       0\n",
       "port_no        0\n",
       "tx_bytes       0\n",
       "rx_bytes       0\n",
       "tx_kbps        0\n",
       "rx_kbps        0\n",
       "tot_kbps       0\n",
       "label          0\n",
       "dtype: int64"
      ]
     },
     "execution_count": 5,
     "metadata": {},
     "output_type": "execute_result"
    }
   ],
   "source": [
    "#Statistics on missing values per column again\n",
    "df1.isnull().sum()"
   ]
  },
  {
   "cell_type": "code",
   "execution_count": 6,
   "id": "0dfec1ef",
   "metadata": {},
   "outputs": [
    {
     "name": "stdout",
     "output_type": "stream",
     "text": [
      "           dt  switch        src       dst  pktcount  bytecount  dur  \\\n",
      "0       11425       1   10.0.0.1  10.0.0.8     45304   48294064  100   \n",
      "1       11605       1   10.0.0.1  10.0.0.8    126395  134737070  280   \n",
      "2       11425       1   10.0.0.2  10.0.0.8     90333   96294978  200   \n",
      "3       11425       1   10.0.0.2  10.0.0.8     90333   96294978  200   \n",
      "4       11425       1   10.0.0.2  10.0.0.8     90333   96294978  200   \n",
      "...       ...     ...        ...       ...       ...        ...  ...   \n",
      "104340   5262       3   10.0.0.5  10.0.0.7        79       7742   81   \n",
      "104341   5262       3   10.0.0.5  10.0.0.7        79       7742   81   \n",
      "104342   5262       3  10.0.0.11  10.0.0.5        31       3038   31   \n",
      "104343   5262       3  10.0.0.11  10.0.0.5        31       3038   31   \n",
      "104344   5262       3  10.0.0.11  10.0.0.5        31       3038   31   \n",
      "\n",
      "         dur_nsec       tot_dur  flows  ...  pktrate  Pairflow  Protocol  \\\n",
      "0       716000000  1.010000e+11      3  ...      451         0       UDP   \n",
      "1       734000000  2.810000e+11      2  ...      451         0       UDP   \n",
      "2       744000000  2.010000e+11      3  ...      451         0       UDP   \n",
      "3       744000000  2.010000e+11      3  ...      451         0       UDP   \n",
      "4       744000000  2.010000e+11      3  ...      451         0       UDP   \n",
      "...           ...           ...    ...  ...      ...       ...       ...   \n",
      "104340  842000000  8.184200e+10      5  ...        0         0      ICMP   \n",
      "104341  842000000  8.184200e+10      5  ...        0         0      ICMP   \n",
      "104342  805000000  3.180500e+10      5  ...        1         0      ICMP   \n",
      "104343  805000000  3.180500e+10      5  ...        1         0      ICMP   \n",
      "104344  805000000  3.180500e+10      5  ...        1         0      ICMP   \n",
      "\n",
      "        port_no   tx_bytes rx_bytes  tx_kbps  rx_kbps  tot_kbps  label  \n",
      "0             3  143928631     3917        0      0.0       0.0      0  \n",
      "1             4       3842     3520        0      0.0       0.0      0  \n",
      "2             1       3795     1242        0      0.0       0.0      0  \n",
      "3             2       3688     1492        0      0.0       0.0      0  \n",
      "4             3       3413     3665        0      0.0       0.0      0  \n",
      "...         ...        ...      ...      ...      ...       ...    ...  \n",
      "104340        1      15209    12720        1      1.0       2.0      0  \n",
      "104341        3      15099    14693        1      1.0       2.0      0  \n",
      "104342        2       3409     3731        0      0.0       0.0      0  \n",
      "104343        1      15209    12720        1      1.0       2.0      0  \n",
      "104344        3      15099    14693        1      1.0       2.0      0  \n",
      "\n",
      "[103839 rows x 23 columns]\n"
     ]
    }
   ],
   "source": [
    "print(df1)"
   ]
  },
  {
   "cell_type": "markdown",
   "id": "3642788f",
   "metadata": {},
   "source": [
    "#  correllation"
   ]
  },
  {
   "cell_type": "code",
   "execution_count": 7,
   "id": "ab1f96d1",
   "metadata": {},
   "outputs": [
    {
     "data": {
      "text/html": [
       "<div>\n",
       "<style scoped>\n",
       "    .dataframe tbody tr th:only-of-type {\n",
       "        vertical-align: middle;\n",
       "    }\n",
       "\n",
       "    .dataframe tbody tr th {\n",
       "        vertical-align: top;\n",
       "    }\n",
       "\n",
       "    .dataframe thead th {\n",
       "        text-align: right;\n",
       "    }\n",
       "</style>\n",
       "<table border=\"1\" class=\"dataframe\">\n",
       "  <thead>\n",
       "    <tr style=\"text-align: right;\">\n",
       "      <th></th>\n",
       "      <th>dt</th>\n",
       "      <th>switch</th>\n",
       "      <th>pktcount</th>\n",
       "      <th>bytecount</th>\n",
       "      <th>dur</th>\n",
       "      <th>dur_nsec</th>\n",
       "      <th>tot_dur</th>\n",
       "      <th>flows</th>\n",
       "      <th>packetins</th>\n",
       "      <th>pktperflow</th>\n",
       "      <th>byteperflow</th>\n",
       "      <th>pktrate</th>\n",
       "      <th>Pairflow</th>\n",
       "      <th>port_no</th>\n",
       "      <th>tx_bytes</th>\n",
       "      <th>rx_bytes</th>\n",
       "      <th>tx_kbps</th>\n",
       "      <th>rx_kbps</th>\n",
       "      <th>tot_kbps</th>\n",
       "      <th>label</th>\n",
       "    </tr>\n",
       "  </thead>\n",
       "  <tbody>\n",
       "    <tr>\n",
       "      <th>dt</th>\n",
       "      <td>1.000000</td>\n",
       "      <td>-0.006373</td>\n",
       "      <td>-0.174345</td>\n",
       "      <td>-0.289111</td>\n",
       "      <td>0.271664</td>\n",
       "      <td>-0.166514</td>\n",
       "      <td>0.271475</td>\n",
       "      <td>0.327694</td>\n",
       "      <td>0.043491</td>\n",
       "      <td>-0.233717</td>\n",
       "      <td>-0.308270</td>\n",
       "      <td>-0.233834</td>\n",
       "      <td>0.713059</td>\n",
       "      <td>-0.026066</td>\n",
       "      <td>0.077486</td>\n",
       "      <td>0.088301</td>\n",
       "      <td>-0.035187</td>\n",
       "      <td>-0.041620</td>\n",
       "      <td>-0.054373</td>\n",
       "      <td>-0.108798</td>\n",
       "    </tr>\n",
       "    <tr>\n",
       "      <th>switch</th>\n",
       "      <td>-0.006373</td>\n",
       "      <td>1.000000</td>\n",
       "      <td>-0.057639</td>\n",
       "      <td>-0.168475</td>\n",
       "      <td>-0.023560</td>\n",
       "      <td>-0.077123</td>\n",
       "      <td>-0.023687</td>\n",
       "      <td>-0.028017</td>\n",
       "      <td>0.199984</td>\n",
       "      <td>-0.036071</td>\n",
       "      <td>-0.112878</td>\n",
       "      <td>-0.036079</td>\n",
       "      <td>0.090657</td>\n",
       "      <td>-0.006854</td>\n",
       "      <td>-0.050625</td>\n",
       "      <td>-0.058007</td>\n",
       "      <td>-0.032980</td>\n",
       "      <td>-0.039025</td>\n",
       "      <td>-0.050972</td>\n",
       "      <td>0.027644</td>\n",
       "    </tr>\n",
       "    <tr>\n",
       "      <th>pktcount</th>\n",
       "      <td>-0.174345</td>\n",
       "      <td>-0.057639</td>\n",
       "      <td>1.000000</td>\n",
       "      <td>0.675792</td>\n",
       "      <td>0.023222</td>\n",
       "      <td>0.034283</td>\n",
       "      <td>0.023283</td>\n",
       "      <td>-0.257467</td>\n",
       "      <td>0.275867</td>\n",
       "      <td>0.470065</td>\n",
       "      <td>0.290614</td>\n",
       "      <td>0.470097</td>\n",
       "      <td>-0.085007</td>\n",
       "      <td>0.006073</td>\n",
       "      <td>0.025893</td>\n",
       "      <td>0.029731</td>\n",
       "      <td>0.001984</td>\n",
       "      <td>0.002328</td>\n",
       "      <td>0.003054</td>\n",
       "      <td>0.403217</td>\n",
       "    </tr>\n",
       "    <tr>\n",
       "      <th>bytecount</th>\n",
       "      <td>-0.289111</td>\n",
       "      <td>-0.168475</td>\n",
       "      <td>0.675792</td>\n",
       "      <td>1.000000</td>\n",
       "      <td>0.038033</td>\n",
       "      <td>0.029418</td>\n",
       "      <td>0.038034</td>\n",
       "      <td>-0.244514</td>\n",
       "      <td>-0.124840</td>\n",
       "      <td>0.333530</td>\n",
       "      <td>0.533201</td>\n",
       "      <td>0.333553</td>\n",
       "      <td>-0.388628</td>\n",
       "      <td>-0.008322</td>\n",
       "      <td>0.007110</td>\n",
       "      <td>0.008339</td>\n",
       "      <td>0.049803</td>\n",
       "      <td>0.058850</td>\n",
       "      <td>0.076920</td>\n",
       "      <td>0.278051</td>\n",
       "    </tr>\n",
       "    <tr>\n",
       "      <th>dur</th>\n",
       "      <td>0.271664</td>\n",
       "      <td>-0.023560</td>\n",
       "      <td>0.023222</td>\n",
       "      <td>0.038033</td>\n",
       "      <td>1.000000</td>\n",
       "      <td>-0.056219</td>\n",
       "      <td>0.999998</td>\n",
       "      <td>0.176351</td>\n",
       "      <td>-0.124797</td>\n",
       "      <td>-0.329504</td>\n",
       "      <td>-0.259843</td>\n",
       "      <td>-0.329764</td>\n",
       "      <td>0.180537</td>\n",
       "      <td>-0.002026</td>\n",
       "      <td>0.154209</td>\n",
       "      <td>0.176115</td>\n",
       "      <td>-0.141224</td>\n",
       "      <td>-0.166916</td>\n",
       "      <td>-0.218143</td>\n",
       "      <td>-0.098734</td>\n",
       "    </tr>\n",
       "    <tr>\n",
       "      <th>dur_nsec</th>\n",
       "      <td>-0.166514</td>\n",
       "      <td>-0.077123</td>\n",
       "      <td>0.034283</td>\n",
       "      <td>0.029418</td>\n",
       "      <td>-0.056219</td>\n",
       "      <td>1.000000</td>\n",
       "      <td>-0.054854</td>\n",
       "      <td>-0.010445</td>\n",
       "      <td>-0.059464</td>\n",
       "      <td>0.043277</td>\n",
       "      <td>0.047295</td>\n",
       "      <td>0.043279</td>\n",
       "      <td>-0.211168</td>\n",
       "      <td>0.020864</td>\n",
       "      <td>0.007767</td>\n",
       "      <td>0.008926</td>\n",
       "      <td>-0.035533</td>\n",
       "      <td>-0.042023</td>\n",
       "      <td>-0.054903</td>\n",
       "      <td>0.029161</td>\n",
       "    </tr>\n",
       "    <tr>\n",
       "      <th>tot_dur</th>\n",
       "      <td>0.271475</td>\n",
       "      <td>-0.023687</td>\n",
       "      <td>0.023283</td>\n",
       "      <td>0.038034</td>\n",
       "      <td>0.999998</td>\n",
       "      <td>-0.054854</td>\n",
       "      <td>1.000000</td>\n",
       "      <td>0.176352</td>\n",
       "      <td>-0.124876</td>\n",
       "      <td>-0.329483</td>\n",
       "      <td>-0.259831</td>\n",
       "      <td>-0.329744</td>\n",
       "      <td>0.180285</td>\n",
       "      <td>-0.001988</td>\n",
       "      <td>0.154251</td>\n",
       "      <td>0.176162</td>\n",
       "      <td>-0.141305</td>\n",
       "      <td>-0.167011</td>\n",
       "      <td>-0.218268</td>\n",
       "      <td>-0.098745</td>\n",
       "    </tr>\n",
       "    <tr>\n",
       "      <th>flows</th>\n",
       "      <td>0.327694</td>\n",
       "      <td>-0.028017</td>\n",
       "      <td>-0.257467</td>\n",
       "      <td>-0.244514</td>\n",
       "      <td>0.176351</td>\n",
       "      <td>-0.010445</td>\n",
       "      <td>0.176352</td>\n",
       "      <td>1.000000</td>\n",
       "      <td>0.047415</td>\n",
       "      <td>-0.212795</td>\n",
       "      <td>-0.246311</td>\n",
       "      <td>-0.212924</td>\n",
       "      <td>0.390747</td>\n",
       "      <td>0.029236</td>\n",
       "      <td>0.165628</td>\n",
       "      <td>0.189312</td>\n",
       "      <td>0.155590</td>\n",
       "      <td>0.183821</td>\n",
       "      <td>0.240285</td>\n",
       "      <td>-0.181510</td>\n",
       "    </tr>\n",
       "    <tr>\n",
       "      <th>packetins</th>\n",
       "      <td>0.043491</td>\n",
       "      <td>0.199984</td>\n",
       "      <td>0.275867</td>\n",
       "      <td>-0.124840</td>\n",
       "      <td>-0.124797</td>\n",
       "      <td>-0.059464</td>\n",
       "      <td>-0.124876</td>\n",
       "      <td>0.047415</td>\n",
       "      <td>1.000000</td>\n",
       "      <td>0.185407</td>\n",
       "      <td>-0.106459</td>\n",
       "      <td>0.185469</td>\n",
       "      <td>0.269968</td>\n",
       "      <td>0.000787</td>\n",
       "      <td>0.108195</td>\n",
       "      <td>0.124032</td>\n",
       "      <td>0.037910</td>\n",
       "      <td>0.044762</td>\n",
       "      <td>0.058529</td>\n",
       "      <td>-0.002489</td>\n",
       "    </tr>\n",
       "    <tr>\n",
       "      <th>pktperflow</th>\n",
       "      <td>-0.233717</td>\n",
       "      <td>-0.036071</td>\n",
       "      <td>0.470065</td>\n",
       "      <td>0.333530</td>\n",
       "      <td>-0.329504</td>\n",
       "      <td>0.043277</td>\n",
       "      <td>-0.329483</td>\n",
       "      <td>-0.212795</td>\n",
       "      <td>0.185407</td>\n",
       "      <td>1.000000</td>\n",
       "      <td>0.812940</td>\n",
       "      <td>0.999999</td>\n",
       "      <td>-0.171700</td>\n",
       "      <td>0.004801</td>\n",
       "      <td>-0.053207</td>\n",
       "      <td>-0.060848</td>\n",
       "      <td>0.105162</td>\n",
       "      <td>0.124257</td>\n",
       "      <td>0.162416</td>\n",
       "      <td>0.089608</td>\n",
       "    </tr>\n",
       "    <tr>\n",
       "      <th>byteperflow</th>\n",
       "      <td>-0.308270</td>\n",
       "      <td>-0.112878</td>\n",
       "      <td>0.290614</td>\n",
       "      <td>0.533201</td>\n",
       "      <td>-0.259843</td>\n",
       "      <td>0.047295</td>\n",
       "      <td>-0.259831</td>\n",
       "      <td>-0.246311</td>\n",
       "      <td>-0.106459</td>\n",
       "      <td>0.812940</td>\n",
       "      <td>1.000000</td>\n",
       "      <td>0.812940</td>\n",
       "      <td>-0.396559</td>\n",
       "      <td>-0.005831</td>\n",
       "      <td>-0.059418</td>\n",
       "      <td>-0.067954</td>\n",
       "      <td>0.097287</td>\n",
       "      <td>0.114963</td>\n",
       "      <td>0.150260</td>\n",
       "      <td>-0.014160</td>\n",
       "    </tr>\n",
       "    <tr>\n",
       "      <th>pktrate</th>\n",
       "      <td>-0.233834</td>\n",
       "      <td>-0.036079</td>\n",
       "      <td>0.470097</td>\n",
       "      <td>0.333553</td>\n",
       "      <td>-0.329764</td>\n",
       "      <td>0.043279</td>\n",
       "      <td>-0.329744</td>\n",
       "      <td>-0.212924</td>\n",
       "      <td>0.185469</td>\n",
       "      <td>0.999999</td>\n",
       "      <td>0.812940</td>\n",
       "      <td>1.000000</td>\n",
       "      <td>-0.171783</td>\n",
       "      <td>0.004802</td>\n",
       "      <td>-0.053265</td>\n",
       "      <td>-0.060914</td>\n",
       "      <td>0.105191</td>\n",
       "      <td>0.124291</td>\n",
       "      <td>0.162461</td>\n",
       "      <td>0.089801</td>\n",
       "    </tr>\n",
       "    <tr>\n",
       "      <th>Pairflow</th>\n",
       "      <td>0.713059</td>\n",
       "      <td>0.090657</td>\n",
       "      <td>-0.085007</td>\n",
       "      <td>-0.388628</td>\n",
       "      <td>0.180537</td>\n",
       "      <td>-0.211168</td>\n",
       "      <td>0.180285</td>\n",
       "      <td>0.390747</td>\n",
       "      <td>0.269968</td>\n",
       "      <td>-0.171700</td>\n",
       "      <td>-0.396559</td>\n",
       "      <td>-0.171783</td>\n",
       "      <td>1.000000</td>\n",
       "      <td>-0.022703</td>\n",
       "      <td>0.091515</td>\n",
       "      <td>0.104517</td>\n",
       "      <td>0.007350</td>\n",
       "      <td>0.008644</td>\n",
       "      <td>0.011325</td>\n",
       "      <td>-0.047474</td>\n",
       "    </tr>\n",
       "    <tr>\n",
       "      <th>port_no</th>\n",
       "      <td>-0.026066</td>\n",
       "      <td>-0.006854</td>\n",
       "      <td>0.006073</td>\n",
       "      <td>-0.008322</td>\n",
       "      <td>-0.002026</td>\n",
       "      <td>0.020864</td>\n",
       "      <td>-0.001988</td>\n",
       "      <td>0.029236</td>\n",
       "      <td>0.000787</td>\n",
       "      <td>0.004801</td>\n",
       "      <td>-0.005831</td>\n",
       "      <td>0.004802</td>\n",
       "      <td>-0.022703</td>\n",
       "      <td>1.000000</td>\n",
       "      <td>0.089368</td>\n",
       "      <td>0.222514</td>\n",
       "      <td>0.067594</td>\n",
       "      <td>0.160487</td>\n",
       "      <td>0.157079</td>\n",
       "      <td>-0.002759</td>\n",
       "    </tr>\n",
       "    <tr>\n",
       "      <th>tx_bytes</th>\n",
       "      <td>0.077486</td>\n",
       "      <td>-0.050625</td>\n",
       "      <td>0.025893</td>\n",
       "      <td>0.007110</td>\n",
       "      <td>0.154209</td>\n",
       "      <td>0.007767</td>\n",
       "      <td>0.154251</td>\n",
       "      <td>0.165628</td>\n",
       "      <td>0.108195</td>\n",
       "      <td>-0.053207</td>\n",
       "      <td>-0.059418</td>\n",
       "      <td>-0.053265</td>\n",
       "      <td>0.091515</td>\n",
       "      <td>0.089368</td>\n",
       "      <td>1.000000</td>\n",
       "      <td>0.102674</td>\n",
       "      <td>0.446813</td>\n",
       "      <td>-0.098956</td>\n",
       "      <td>0.280393</td>\n",
       "      <td>-0.049302</td>\n",
       "    </tr>\n",
       "    <tr>\n",
       "      <th>rx_bytes</th>\n",
       "      <td>0.088301</td>\n",
       "      <td>-0.058007</td>\n",
       "      <td>0.029731</td>\n",
       "      <td>0.008339</td>\n",
       "      <td>0.176115</td>\n",
       "      <td>0.008926</td>\n",
       "      <td>0.176162</td>\n",
       "      <td>0.189312</td>\n",
       "      <td>0.124032</td>\n",
       "      <td>-0.060848</td>\n",
       "      <td>-0.067954</td>\n",
       "      <td>-0.060914</td>\n",
       "      <td>0.104517</td>\n",
       "      <td>0.222514</td>\n",
       "      <td>0.102674</td>\n",
       "      <td>1.000000</td>\n",
       "      <td>-0.105946</td>\n",
       "      <td>0.399909</td>\n",
       "      <td>0.179521</td>\n",
       "      <td>-0.056578</td>\n",
       "    </tr>\n",
       "    <tr>\n",
       "      <th>tx_kbps</th>\n",
       "      <td>-0.035187</td>\n",
       "      <td>-0.032980</td>\n",
       "      <td>0.001984</td>\n",
       "      <td>0.049803</td>\n",
       "      <td>-0.141224</td>\n",
       "      <td>-0.035533</td>\n",
       "      <td>-0.141305</td>\n",
       "      <td>0.155590</td>\n",
       "      <td>0.037910</td>\n",
       "      <td>0.105162</td>\n",
       "      <td>0.097287</td>\n",
       "      <td>0.105191</td>\n",
       "      <td>0.007350</td>\n",
       "      <td>0.067594</td>\n",
       "      <td>0.446813</td>\n",
       "      <td>-0.105946</td>\n",
       "      <td>1.000000</td>\n",
       "      <td>-0.023249</td>\n",
       "      <td>0.757080</td>\n",
       "      <td>-0.005646</td>\n",
       "    </tr>\n",
       "    <tr>\n",
       "      <th>rx_kbps</th>\n",
       "      <td>-0.041620</td>\n",
       "      <td>-0.039025</td>\n",
       "      <td>0.002328</td>\n",
       "      <td>0.058850</td>\n",
       "      <td>-0.166916</td>\n",
       "      <td>-0.042023</td>\n",
       "      <td>-0.167011</td>\n",
       "      <td>0.183821</td>\n",
       "      <td>0.044762</td>\n",
       "      <td>0.124257</td>\n",
       "      <td>0.114963</td>\n",
       "      <td>0.124291</td>\n",
       "      <td>0.008644</td>\n",
       "      <td>0.160487</td>\n",
       "      <td>-0.098956</td>\n",
       "      <td>0.399909</td>\n",
       "      <td>-0.023249</td>\n",
       "      <td>1.000000</td>\n",
       "      <td>0.635545</td>\n",
       "      <td>-0.006714</td>\n",
       "    </tr>\n",
       "    <tr>\n",
       "      <th>tot_kbps</th>\n",
       "      <td>-0.054373</td>\n",
       "      <td>-0.050972</td>\n",
       "      <td>0.003054</td>\n",
       "      <td>0.076920</td>\n",
       "      <td>-0.218143</td>\n",
       "      <td>-0.054903</td>\n",
       "      <td>-0.218268</td>\n",
       "      <td>0.240285</td>\n",
       "      <td>0.058529</td>\n",
       "      <td>0.162416</td>\n",
       "      <td>0.150260</td>\n",
       "      <td>0.162461</td>\n",
       "      <td>0.011325</td>\n",
       "      <td>0.157079</td>\n",
       "      <td>0.280393</td>\n",
       "      <td>0.179521</td>\n",
       "      <td>0.757080</td>\n",
       "      <td>0.635545</td>\n",
       "      <td>1.000000</td>\n",
       "      <td>-0.008748</td>\n",
       "    </tr>\n",
       "    <tr>\n",
       "      <th>label</th>\n",
       "      <td>-0.108798</td>\n",
       "      <td>0.027644</td>\n",
       "      <td>0.403217</td>\n",
       "      <td>0.278051</td>\n",
       "      <td>-0.098734</td>\n",
       "      <td>0.029161</td>\n",
       "      <td>-0.098745</td>\n",
       "      <td>-0.181510</td>\n",
       "      <td>-0.002489</td>\n",
       "      <td>0.089608</td>\n",
       "      <td>-0.014160</td>\n",
       "      <td>0.089801</td>\n",
       "      <td>-0.047474</td>\n",
       "      <td>-0.002759</td>\n",
       "      <td>-0.049302</td>\n",
       "      <td>-0.056578</td>\n",
       "      <td>-0.005646</td>\n",
       "      <td>-0.006714</td>\n",
       "      <td>-0.008748</td>\n",
       "      <td>1.000000</td>\n",
       "    </tr>\n",
       "  </tbody>\n",
       "</table>\n",
       "</div>"
      ],
      "text/plain": [
       "                   dt    switch  pktcount  bytecount       dur  dur_nsec  \\\n",
       "dt           1.000000 -0.006373 -0.174345  -0.289111  0.271664 -0.166514   \n",
       "switch      -0.006373  1.000000 -0.057639  -0.168475 -0.023560 -0.077123   \n",
       "pktcount    -0.174345 -0.057639  1.000000   0.675792  0.023222  0.034283   \n",
       "bytecount   -0.289111 -0.168475  0.675792   1.000000  0.038033  0.029418   \n",
       "dur          0.271664 -0.023560  0.023222   0.038033  1.000000 -0.056219   \n",
       "dur_nsec    -0.166514 -0.077123  0.034283   0.029418 -0.056219  1.000000   \n",
       "tot_dur      0.271475 -0.023687  0.023283   0.038034  0.999998 -0.054854   \n",
       "flows        0.327694 -0.028017 -0.257467  -0.244514  0.176351 -0.010445   \n",
       "packetins    0.043491  0.199984  0.275867  -0.124840 -0.124797 -0.059464   \n",
       "pktperflow  -0.233717 -0.036071  0.470065   0.333530 -0.329504  0.043277   \n",
       "byteperflow -0.308270 -0.112878  0.290614   0.533201 -0.259843  0.047295   \n",
       "pktrate     -0.233834 -0.036079  0.470097   0.333553 -0.329764  0.043279   \n",
       "Pairflow     0.713059  0.090657 -0.085007  -0.388628  0.180537 -0.211168   \n",
       "port_no     -0.026066 -0.006854  0.006073  -0.008322 -0.002026  0.020864   \n",
       "tx_bytes     0.077486 -0.050625  0.025893   0.007110  0.154209  0.007767   \n",
       "rx_bytes     0.088301 -0.058007  0.029731   0.008339  0.176115  0.008926   \n",
       "tx_kbps     -0.035187 -0.032980  0.001984   0.049803 -0.141224 -0.035533   \n",
       "rx_kbps     -0.041620 -0.039025  0.002328   0.058850 -0.166916 -0.042023   \n",
       "tot_kbps    -0.054373 -0.050972  0.003054   0.076920 -0.218143 -0.054903   \n",
       "label       -0.108798  0.027644  0.403217   0.278051 -0.098734  0.029161   \n",
       "\n",
       "              tot_dur     flows  packetins  pktperflow  byteperflow   pktrate  \\\n",
       "dt           0.271475  0.327694   0.043491   -0.233717    -0.308270 -0.233834   \n",
       "switch      -0.023687 -0.028017   0.199984   -0.036071    -0.112878 -0.036079   \n",
       "pktcount     0.023283 -0.257467   0.275867    0.470065     0.290614  0.470097   \n",
       "bytecount    0.038034 -0.244514  -0.124840    0.333530     0.533201  0.333553   \n",
       "dur          0.999998  0.176351  -0.124797   -0.329504    -0.259843 -0.329764   \n",
       "dur_nsec    -0.054854 -0.010445  -0.059464    0.043277     0.047295  0.043279   \n",
       "tot_dur      1.000000  0.176352  -0.124876   -0.329483    -0.259831 -0.329744   \n",
       "flows        0.176352  1.000000   0.047415   -0.212795    -0.246311 -0.212924   \n",
       "packetins   -0.124876  0.047415   1.000000    0.185407    -0.106459  0.185469   \n",
       "pktperflow  -0.329483 -0.212795   0.185407    1.000000     0.812940  0.999999   \n",
       "byteperflow -0.259831 -0.246311  -0.106459    0.812940     1.000000  0.812940   \n",
       "pktrate     -0.329744 -0.212924   0.185469    0.999999     0.812940  1.000000   \n",
       "Pairflow     0.180285  0.390747   0.269968   -0.171700    -0.396559 -0.171783   \n",
       "port_no     -0.001988  0.029236   0.000787    0.004801    -0.005831  0.004802   \n",
       "tx_bytes     0.154251  0.165628   0.108195   -0.053207    -0.059418 -0.053265   \n",
       "rx_bytes     0.176162  0.189312   0.124032   -0.060848    -0.067954 -0.060914   \n",
       "tx_kbps     -0.141305  0.155590   0.037910    0.105162     0.097287  0.105191   \n",
       "rx_kbps     -0.167011  0.183821   0.044762    0.124257     0.114963  0.124291   \n",
       "tot_kbps    -0.218268  0.240285   0.058529    0.162416     0.150260  0.162461   \n",
       "label       -0.098745 -0.181510  -0.002489    0.089608    -0.014160  0.089801   \n",
       "\n",
       "             Pairflow   port_no  tx_bytes  rx_bytes   tx_kbps   rx_kbps  \\\n",
       "dt           0.713059 -0.026066  0.077486  0.088301 -0.035187 -0.041620   \n",
       "switch       0.090657 -0.006854 -0.050625 -0.058007 -0.032980 -0.039025   \n",
       "pktcount    -0.085007  0.006073  0.025893  0.029731  0.001984  0.002328   \n",
       "bytecount   -0.388628 -0.008322  0.007110  0.008339  0.049803  0.058850   \n",
       "dur          0.180537 -0.002026  0.154209  0.176115 -0.141224 -0.166916   \n",
       "dur_nsec    -0.211168  0.020864  0.007767  0.008926 -0.035533 -0.042023   \n",
       "tot_dur      0.180285 -0.001988  0.154251  0.176162 -0.141305 -0.167011   \n",
       "flows        0.390747  0.029236  0.165628  0.189312  0.155590  0.183821   \n",
       "packetins    0.269968  0.000787  0.108195  0.124032  0.037910  0.044762   \n",
       "pktperflow  -0.171700  0.004801 -0.053207 -0.060848  0.105162  0.124257   \n",
       "byteperflow -0.396559 -0.005831 -0.059418 -0.067954  0.097287  0.114963   \n",
       "pktrate     -0.171783  0.004802 -0.053265 -0.060914  0.105191  0.124291   \n",
       "Pairflow     1.000000 -0.022703  0.091515  0.104517  0.007350  0.008644   \n",
       "port_no     -0.022703  1.000000  0.089368  0.222514  0.067594  0.160487   \n",
       "tx_bytes     0.091515  0.089368  1.000000  0.102674  0.446813 -0.098956   \n",
       "rx_bytes     0.104517  0.222514  0.102674  1.000000 -0.105946  0.399909   \n",
       "tx_kbps      0.007350  0.067594  0.446813 -0.105946  1.000000 -0.023249   \n",
       "rx_kbps      0.008644  0.160487 -0.098956  0.399909 -0.023249  1.000000   \n",
       "tot_kbps     0.011325  0.157079  0.280393  0.179521  0.757080  0.635545   \n",
       "label       -0.047474 -0.002759 -0.049302 -0.056578 -0.005646 -0.006714   \n",
       "\n",
       "             tot_kbps     label  \n",
       "dt          -0.054373 -0.108798  \n",
       "switch      -0.050972  0.027644  \n",
       "pktcount     0.003054  0.403217  \n",
       "bytecount    0.076920  0.278051  \n",
       "dur         -0.218143 -0.098734  \n",
       "dur_nsec    -0.054903  0.029161  \n",
       "tot_dur     -0.218268 -0.098745  \n",
       "flows        0.240285 -0.181510  \n",
       "packetins    0.058529 -0.002489  \n",
       "pktperflow   0.162416  0.089608  \n",
       "byteperflow  0.150260 -0.014160  \n",
       "pktrate      0.162461  0.089801  \n",
       "Pairflow     0.011325 -0.047474  \n",
       "port_no      0.157079 -0.002759  \n",
       "tx_bytes     0.280393 -0.049302  \n",
       "rx_bytes     0.179521 -0.056578  \n",
       "tx_kbps      0.757080 -0.005646  \n",
       "rx_kbps      0.635545 -0.006714  \n",
       "tot_kbps     1.000000 -0.008748  \n",
       "label       -0.008748  1.000000  "
      ]
     },
     "execution_count": 7,
     "metadata": {},
     "output_type": "execute_result"
    }
   ],
   "source": [
    "corr=df1.corr()\n",
    "corr"
   ]
  },
  {
   "cell_type": "code",
   "execution_count": 8,
   "id": "b996963e",
   "metadata": {},
   "outputs": [
    {
     "data": {
      "text/plain": [
       "<AxesSubplot: >"
      ]
     },
     "execution_count": 8,
     "metadata": {},
     "output_type": "execute_result"
    },
    {
     "data": {
